.Random.seed <-
c(403L, 151L, -1893619803L, 732107650L, 699985573L, 264964795L, 
1025663004L, -505518301L, -1340778804L, -765443088L, 1129991307L, 
-2021249040L, -687129289L, -327140403L, 1947553350L, -679819539L, 
1609154458L, 293448182L, 520711825L, -1717763426L, 787632345L, 
-993471177L, -1785556168L, -71363777L, 101205672L, 940691780L, 
1055099967L, 1272452932L, -904018973L, -796852575L, -369184182L, 
-1057267935L, 50637550L, 1500104754L, -1256243L, -384668598L, 
714946957L, -1701103949L, 368985652L, -598455893L, 898002516L, 
147216024L, -734598429L, 874801128L, 761249663L, -378488843L, 
1371083582L, -1239665611L, 1547409794L, -430062706L, 895844073L, 
-43813546L, 320793009L, 1677602399L, -649481632L, -1666997001L, 
-1583598528L, -2021718020L, 729911399L, 1182878918L, 1213373212L, 
78608542L, 2139545600L, 1898913141L, -1314938321L, 1772197987L, 
438870065L, 941597092L, 2061320934L, -1731853408L, 652391666L, 
1262675531L, 221597193L, 1630673069L, -3507669L, 2126487298L, 
-99039336L, 2070626546L, -542120436L, 1631184377L, -308077125L, 
405548247L, -1240172227L, -851224096L, -794746910L, 1735806036L, 
-106203122L, -1372622945L, 1031536005L, -2104437103L, -986091577L, 
1375332494L, 309326724L, 223141862L, -1576767432L, 1051857741L, 
-1080924249L, 423835915L, 111998057L, 1738720892L, -682668258L, 
-1012476392L, -196740982L, -1077022221L, 1112225025L, -325853323L, 
-1989500813L, 1020104970L, 1454413664L, 1824596282L, 860829444L, 
1249896657L, -1083615565L, 381822815L, 2116338229L, 1341696600L, 
-152989062L, 1141080876L, -1947573818L, 1948259495L, 479687581L, 
-54043783L, -925992593L, -1574901642L, 1627568588L, 1617656910L, 
-2059649744L, -1941651707L, -1456107681L, -305050829L, 1145384161L, 
-1091067756L, 210499638L, 472719344L, 1495614370L, 1283881179L, 
-287429575L, 866965405L, 2077582043L, 464946770L, -1291736888L, 
-453999262L, -1064909924L, -2121069367L, 379945419L, -708883609L, 
749886285L, -1071086928L, -1922298318L, -110369052L, 969627262L, 
1733777455L, -704347211L, -569067295L, -1076588649L, 962701182L, 
-1170596748L, 2144859734L, -295817816L, -738050467L, 1899464343L, 
-667239909L, 2133741849L, -879753748L, 834198382L, 1058010920L, 
-1368659142L, -218919613L, -1394690703L, -112243867L, -1787781149L, 
-924870438L, -445679152L, -1519743830L, 693676244L, -1903989407L, 
-1484407293L, -1428779345L, 2142501253L, 471064360L, -1448158262L, 
826707772L, 257650806L, 1139249335L, -578165555L, -521785335L, 
-415557697L, 1232478822L, 1481290748L, 1368470014L, -576214816L, 
-1188063979L, 786726991L, -2066959869L, 965791057L, -1197116860L, 
-1316622010L, 2056523712L, -795725678L, -349651349L, -1430404887L, 
854007757L, 778934731L, 570982114L, -1029306248L, -737278062L, 
1323903468L, -1992008103L, 1442955739L, 1823499511L, -156291811L, 
2011109440L, -1025286078L, 212226164L, 1550669230L, -1093178305L, 
-1794699419L, -1193972367L, 717635495L, 868000750L, 878922596L, 
1257947846L, 174663960L, 39798317L, -1163561017L, -739947733L, 
112760585L, -113062756L, -1252780738L, -1198725192L, 1363480554L, 
1160115859L, 474278369L, 556738069L, -181287213L, -502186198L, 
-103833856L, 1931208858L, -427243164L, -1003010639L, -441015597L, 
2123270719L, -1683521387L, 984842296L, 1589200858L, 643807628L, 
-1854226714L, 1360700295L, -1917189059L, -1493583527L, -715203057L, 
1478340118L, 1631602476L, 1283839022L, 1482489104L, -1404671195L, 
-1326297473L, -1177471917L, -1253885823L, 908328884L, 42155670L, 
-172650608L, -1764531774L, 1730182651L, -276184935L, 445859773L, 
-130850949L, 1627108786L, 95916840L, -251679614L, 874714876L, 
505569705L, -2077116821L, 734954631L, -73315411L, 1225095056L, 
-1832199534L, 404348292L, -1201109858L, 1565053391L, 2082650773L, 
-660320319L, -1583911433L, -924463522L, -2039749932L, 58591798L, 
1438842722L, 433186842L, 1136743408L, 2112163881L, 811672885L, 
-2008552571L, 404750743L, 2077391180L, 2055923212L, 1064286960L, 
-296092902L, 2016100795L, 1408364411L, 954114127L, 1302232605L, 
-1404319142L, 369025878L, -1992984834L, 1702142476L, -365314603L, 
1581257217L, -1806335143L, 986110075L, -1376489600L, -654665928L, 
-535448772L, 444856702L, -1289658641L, -13493745L, 1037285467L, 
-1932424007L, -1900891082L, 1158636858L, 533864482L, 368501400L, 
-1860368063L, 942087117L, -1261011555L, 2132239375L, 41370804L, 
1751141012L, -1478113560L, -1916817966L, -1886082333L, -39753277L, 
1868585383L, -360980251L, -903487182L, 1346947582L, 52549270L, 
1064926756L, 1953517117L, 1273500521L, -1535986143L, 1144535107L, 
326960376L, 2038735024L, -258684252L, 1914809958L, -716903801L, 
1262131271L, 705510403L, -903952335L, -721925890L, -1734967438L, 
932825674L, 1853023104L, -1383169735L, -2030506299L, -1757138731L, 
-1553809497L, 1624662268L, -267091076L, 1690634496L, 1866329578L, 
19486187L, 570602091L, -488788833L, 170612589L, 542185738L, 361097606L, 
-728056178L, -1392119620L, -1661566043L, -1138207439L, 1093300713L, 
-211660469L, 302157648L, -899931512L, -1449067732L, -1064479890L, 
1316817183L, 856332127L, -1551175285L, -1819352951L, -1744179642L, 
47089258L, -923421966L, 1106195336L, -1368532175L, -422572995L, 
1824520589L, -224585345L, 1934767684L, -1732869724L, 2110107160L, 
496334338L, -1527064461L, -283905837L, -1397446505L, -415268587L, 
-956763518L, -296421170L, -692123642L, -1296112140L, 1018758701L, 
-349635975L, -896606767L, -320291725L, 323762728L, 27523936L, 
-868025740L, 2132214454L, 2087174359L, 1411985719L, -2003781869L, 
-1990209119L, -935010002L, 999545154L, 89249786L, 51086800L, 
-1073647607L, -2086372331L, 365743333L, -755969929L, 279401260L, 
-83067604L, -1009998896L, 1249516474L, -1933044133L, -1054619941L, 
-1562703633L, 1199994045L, 968350970L, 1923657142L, -537777314L, 
-2057112020L, 2043698037L, -1414277791L, 576066681L, 715445531L, 
-157082976L, 664808792L, -642599524L, 1021851998L, 1146652559L, 
-1735873425L, -69598661L, -478301287L, 944815126L, 408094362L, 
1869844738L, 517735480L, 623392225L, 1333329261L, -1169912515L, 
-1724284305L, 1191872660L, -664046796L, -629742019L, 152474878L, 
-517017857L, 292445546L, 1211470785L, -2037870562L, 614712321L, 
-1286377508L, -1921313795L, -852859054L, 1546685607L, -684492906L, 
-1629588323L, -817547802L, 593207665L, 1390324088L, 1465742261L, 
-2027771770L, 2054400111L, 296999690L, -1339083055L, 137647782L, 
428369065L, 1022807964L, 1447485053L, -1646694102L, -1772265969L, 
-764903962L, -2074914403L, 1087833590L, 750719985L, 469947240L, 
633212637L, 1588808734L, 175346991L, 248537914L, -93437983L, 
-1083109842L, 15103201L, 69946892L, 1698795517L, 1417819314L, 
-494766697L, 778110486L, -1100284451L, -70479482L, 1076893489L, 
1595395496L, -1205150443L, -1335494842L, 639392207L, 392464682L, 
378726369L, 1960798710L, 1360081609L, -1091274180L, -532715155L, 
-1664376886L, -1515638091L, 1101398481L, 1937741962L, -944603980L, 
-2034568435L, -1923008543L, 365443364L, -1867937702L, -792805207L, 
1076767897L, -108796278L, -2052327200L, -1744239175L, 937524361L, 
1072797200L, 1976792258L, -1448996251L, -297675575L, 707621362L, 
2089890748L, -1897576107L, -387489751L, 1860575780L, 840687130L, 
344146785L, -946799199L, 38885314L, 1953113504L, 1252855097L, 
380343073L, -23908488L, 1820160994L, -1122109547L, 500273457L, 
1211376394L, 875437172L, -508612947L, -1749292399L, 1897930388L, 
-1691823734L, -1872325815L, -597650887L, -1128137958L, 1310930080L, 
1076897257L, 1672107209L, -1153978528L, 76912914L, -839727867L, 
1778753145L, 114893538L, -1752771508L, -1297536763L, -1476094615L, 
1684900884L, -972959606L, -1171300623L, -740319887L, 470768194L, 
480524896L, -1589678487L, 510793841L, -1708070344L, 1155051474L, 
1755300981L, 1952100017L, 350845322L, 480068724L, 1469548557L, 
-1841762783L, -1542778172L, -978628198L, 1839699529L, 767316185L, 
1893990186L, -280589440L, -1640494503L, -909144055L, 2074913520L, 
-495553758L, -371023515L, -1153367287L, -2127214638L, 2045115868L, 
